3 226 1455 533 3 811 1454 3 480 1337 442 1079 1416 1093 1427 906 1345 1382 3 725 1129 3 1335 3 197 1250 1230 789 906 1345 1382 3
246 252 1365 55 741 718 614 517 546 3 55 53 3 255 1337 695 518 3 59 263 1337 248 518 1338 272 1358 545 3 533 4 3
1454 3 73 53 3 94 1337 378 328 1358 3 1454 3 74 53 3 913 1006 1337 340 328 1358 3 1454 3 24 53 3 532 953 1337 354 328 1358
15 3 234 3 1369 687 587 1334 299
239 743 80 3 144 1412 3 1334 1022 1365 963 520 3 3 1399 609
267 112 1412 233 1369 687 587 3 299 3 3 1399 609 606 3
640 28 3 1329 1378 1334 1091 520 3 1136 808 3 1454 1399 1270 3 990 3 1149 3 1330 3 1242 520 546 3
76 190 439 3 1334 862 1407 1408 520 3 3 1399 609
246 252 1365 62 1370 741 718 614 517 546 3 62 53 3 66 605 237 518 1338 272 1358 545 3 533 4 3
246 252 1365 55 741 718 614 517 546 3 55 53 3 255 1337 263 518 1338 272 696 545 3 533 4 3
246 252 1365 55 741 718 614 517 546 3 55 53 3 255 1337 695 518 1338 272 1358 545 3 533 4 3
246 252 1365 955 3 741 718 614 517 546 3 73 59 3 336 1348 742 762 3 1335 3 1454 550 3 299 768 1355 176 3 517 653 1296 145 593 3
246 252 1365 955 3 741 718 614 517 546 3 73 59 3 336 1348 742 762 3 1335 3 1454 550 3 1334 553 652 3
321 797 3 235 862 1213 3 3 539
604 246 252 1333 599 546 3 533 3 568 567 517 571 1340 1454 3 1454 3 575 671 675 576 3 3 549 517 528 540 1333 518 543 1334 3 1454 3 262 140 1332 127 58 1454 3 242 83 1332 288 57 3 241 517 528 540 1333 518 543 1334 3 1454 3 32 245 1332 264 61 1454 3 8 60 1332 522 56 1454 3 7 257 1332 65 56 1454 3 251 75 1332 237 57 556 518 570 541 574 569 1335 550 3 578 3 3 63 541 594 1454 3 62 53 3 66 605 237 518 54 3 1454 3 55 59 3 263 1337 248 518 3 53 255 1337 263 518 1338 272 696 545 3 533 4 3
604 246 252 1333 599 546 3 533 3 568 567 517 571 1340 1454 3 1454 3 575 664 572 576 3 3 549 517 528 540 1333 518 543 1334 3 1454 3 242 302 1332 83 3 85 1332 279 57 1454 3 254 349 1332 107 56 1454 3 240 101 1332 97 58 3 241 517 528 540 1333 518 543 1334 3 1454 3 22 245 1332 240 57 1454 3 7 257 1332 65 56 556 518 570 541 574 569 1335 550 3 578 3 3 63 541 594 1454 3 71 585 3 537 1337 6 518 54 3 1454 3 62 53 3 66 605 237 518 54 3 1454 3 73 59 3 336 1348 742 762 3 1335 3 1454 550 3 1334 553 652 3 1454 3 55 53 3 255 1337 263 518 1338 272 696 545 3 533 4 3
604 246 252 1333 599 546 3 533 3 568 567 517 571 1340 1454 3 1454 3 575 664 572 576 3 3 549 517 528 540 1333 518 543 1334 3 1454 3 242 77 1332 288 57 1454 3 280 339 1332 369 57 1454 3 242 279 1332 85 61 1454 3 262 302 1332 127 56 3 241 517 528 540 1333 518 543 1334 3 1454 3 7 257 1332 65 56 1454 3 22 240 1332 245 61 1454 3 89 264 1332 245 57 1454 3 8 60 1332 522 56 556 518 570 541 574 569 1335 550 3 578 3 3 63 541 594 1454 3 71 585 3 537 1337 6 518 54 3 1454 3 62 53 3 66 605 237 518 54 3 1454 3 55 59 3 263 1337 248 518 3 53 255 1337 263 518 1338 272 696 545 3 533 4 3
