3 1454 3 3 3 480 3 442 3 1093 1427 906 1345 1382 3 725 1129 3 1335 3 3 3 197 1250 3 197 1250 3 789 906 1345 1382 3 3
55 3 53 3 255 3 695 3 272 1358 3 528 608 3 55 3 59 3 263 3 248 3 272 1358 3 528 608 3
73 3 53 3 94 3 378 3 328 1358 3 3 74 3 53 3 913 1006 3 340 3 328 1358 3 3 24 3 53 3 532 953 3 354 3 328 1358 3 3
15 3 234 3 1369 687 587 3 1369 687 587 3 1334 299 3 3
239 743 3 80 3 144 1412 3 144 1412 3 1334 1022 1365 963 520 3 3
267 112 1412 3 233 3 1369 687 587 3 1369 687 587 3 3 299 3 3
640 3 1354 3 28 3 1329 1378 3 1334 1091 520 1136 808 1454 1399 1270 3 3
76 3 1354 3 190 3 439 3 1334 862 1407 1408 520 3 3
62 3 53 3 66 3 3 237 3 272 1358 3 528 608 3
55 3 53 3 255 3 263 3 272 1358 3 528 608 3
55 3 53 3 255 3 695 3 272 1358 3 528 608 3
73 3 59 3 336 1348 3 1335 3 1454 550 3 299 768 1355 176 3 1296 145 593 3
73 3 59 3 336 1348 3 1335 3 1454 550 3 1334 553 652 3 3
321 797 3 235 3 321 797 3 321 797 3 862 1213 3 3 539 3
262 3 233 3 140 3 127 3 3 528 540 3 242 3 235 3 83 3 288 3 3 528 540 3 32 3 236 3 245 3 264 3 3 569 1335 550 3 578 3 8 3 234 3 60 3 522 3 3 569 1335 550 3 578 3 7 3 234 3 257 3 65 3 3 569 1335 550 3 578 3 251 3 235 3 75 3 237 3 3 569 1335 550 3 578 3 62 3 53 3 66 3 3 237 3 3 54 3 55 3 59 3 263 3 248 3 272 696 3 528 608 3 55 3 53 3 255 3 263 3 272 696 3 528 608 3
242 3 235 3 302 3 83 3 3 528 540 3 242 3 235 3 85 3 279 3 3 528 540 3 254 3 234 3 349 3 107 3 3 528 540 3 240 3 233 3 101 3 97 3 3 528 540 3 240 3 233 3 101 3 97 3 3 528 540 3 22 3 235 3 245 3 240 3 3 569 1335 550 3 578 3 7 3 234 3 257 3 65 3 3 569 1335 550 3 578 3 71 3 585 3 537 3 6 3 3 54 3 62 3 53 3 66 3 3 237 3 3 54 3 73 3 59 3 336 1348 742 762 3 1335 3 1454 550 3 1334 553 652 3 3 55 3 53 3 255 3 263 3 272 696 3 528 608 3
242 3 235 3 77 3 288 3 3 528 540 3 280 3 235 3 339 3 369 3 3 528 540 3 242 3 236 3 279 3 85 3 3 528 540 3 262 3 234 3 302 3 127 3 3 528 540 3 7 3 234 3 257 3 65 3 3 569 1335 550 3 578 3 22 3 236 3 240 3 245 3 3 569 1335 550 3 578 3 301 557 3 235 3 537 3 245 3 3 569 1335 550 3 578 3 8 3 234 3 60 3 522 3 3 569 1335 550 3 578 3 71 3 585 3 537 3 6 3 3 54 3 62 3 53 3 66 3 3 237 3 3 54 3 55 3 59 3 263 3 248 3 272 696 3 528 608 3 55 3 53 3 255 3 263 3 272 696 3 528 608 3
